-150124.2382077067
-150207.8792699073
-150057.1183496809
-149971.2128876654
-150009.0919909404
-150115.5338511296
-150082.9208394872
-150019.3102829242
-150019.6957963308
-149999.3241140348
-149900.6069388984
-149982.3812448609
-149866.2615097089
-149799.1610801918
-149856.1598693385
-150051.6134977370
-149963.1720518536
-150003.4340346582
-149991.4548282985
-149876.4631996379
-149934.0745045752
-149801.4407274713
-149930.0331423490
-149701.2221029454
-149763.0472661484
-149811.0205890376
-149870.8159699413
-149820.2145326697
-149798.2150366599
-149822.1646955594
-149854.5497587154
-149942.9205800100
-149905.1531598872
-149861.3904943510
-149869.8523308046
-149715.5764656948
-149725.6913184593
-149814.8218583372
-150009.9048769433
-149823.5261314337
-149674.6323931399
-149803.5356022004
-149659.4603509181
-149752.9515051533
-149829.4886970888
-149757.9664704695
-149853.4709715191
-149828.4018126006
-149587.2279921905
-149638.0383452207
-149523.0997294155
-149589.7357915314
-149724.2329720643
-149739.4905787135
-149655.7908372468
-149658.1458031643
-149676.8989789147
-149562.1940681307
-149590.0643284429
-149813.5439069147
-149681.1935859417
-149689.5260433039
-149824.8895056792
-149645.2702078726
-149669.9532013277
-149654.9201964702
-149687.9060436283
-149733.5532655505
-149685.9333705414
-149635.2569171918
-149566.0384077162
-149648.3328022343
-149680.5954033867
-149583.4846609037
-149697.0050300776
-149464.6539617046
-149278.9685244734
-149318.4479169415
-149460.5259930143
-149544.9358377608
-149692.7601807427
-149755.3180205239
-149696.1304163868
-149671.7912721291
-149580.8848885678
-149557.4858548772
-149670.9688523844
-149511.7102124835
-149550.3443703126
-149464.1042727931
-149530.8743410304
-149700.3840411059
-149757.5733425002
-149655.2539816741
-149608.5580112147
-149523.2827333836
-149509.2845626999
-149692.4334459365
-149802.1428236376
-149780.5745365153
-149647.2988699218
-149417.8745899792
-149461.0562373518
-149480.0706485895
-149429.7562875134
-149548.4779399074
-149623.9514407351
-149552.8344542150
-149466.2232367112
-149551.6675525090
-149540.2395407727
-149502.1779270480
-149406.8709124830
-149388.2349501393
-149407.1888336040
-149596.9849604664
-149597.0285643903
-149697.9449696682
-149520.7395753745
-149413.3936230242
-149538.0183252027
-149652.8173630706
-149516.8372914082
-149450.0020654132
-149331.3010102786
-149224.3965799391
-149338.2266988249
-149475.2830246437
-149401.6966771897
-149578.3810001341
-149667.9405668692
-149532.2686985049
-149458.5248307860
-149504.8568674081
-149395.0651174964
-149439.3823569668
-149582.8637358093
-149436.2895897749
-149406.2100150301
-149514.0402618015
-149276.4327507444
-149299.3886653252
-149376.6354797269
-149313.6680868359
-149272.9755264643
-149315.3581964584
-149448.0905866211
-149397.2435554152
-149375.7129194259
-149275.3026044260
-149434.2859684739
-149397.0481105644
-149268.3975434817
-149404.0426956516
-149463.6574152461
-149467.1338045707
-149292.8287489688
-149266.5807863909
-149379.8593353953
-149456.2034864031
-149440.4269329483
-149231.1600859938
-149206.9048570578
-149203.6550041524
-149278.8096220158
-149429.6514884723
-149326.1127195090
-149405.7070869231
-149565.0291832828
-149550.8618579156
-149483.9138265052
-149310.5651205624
-149254.8362458099
-149123.8910012272
