-61497.8820032728
-61360.1718139698
-61253.7873283355
-62399.6979292076
-62129.6816108256
-61796.2082157193
-61687.6336829950
-61660.0695755438
-61665.7176806747
-61635.1165837979
-61631.1126843017
-61584.6025657295
-61583.0936698405
-62348.9135994833
-61952.3056077464
-61877.5551697038
-61796.8422597856
-61761.8486714806
-61729.3651383770
-61767.0818195327
-62822.1944296596
-62614.8105095331
-62193.9064757199
-62006.8693980167
-61914.7135593921
-61908.7478638199
-61827.1627346790
-61781.3930793210
-62559.3938469804
-62123.6951454856
-61988.2579901098
-61971.7843958013
-61958.5575536831
-61880.1351626546
-61858.4001392349
-61839.0590325255
-63055.4623152975
-62797.5321506623
-62485.4309188872
-62192.7413353909
-61979.3200307627
-61893.1544969700
-61844.3755949439
-61847.3669827430
-61883.9311357249
-61847.0908692436
-61824.6155096070
-61821.3567696204
-61836.2922282747
-63065.9022175965
-62897.8002455862
-62809.6655370157
-62611.1472359793
-62415.4161287154
-62349.7855933486
-62324.6479197657
-62307.8235596194
-62288.3018534723
-62273.2048581615
-62257.8023155864
-62204.5586704764
-62220.1206672195
-62189.8538138420
-62257.8339350941
-62349.3229253166
-62180.5104828620
-62069.8855884656
-63345.3255511951
-63088.6733534127
-62855.0878394780
-62609.6431114861
-62317.8776856397
-62169.3470389830
-62051.2672765555
-62081.4286991445
-61975.0265175164
-61888.0574085108
-61884.2681214991
-61761.2497797965
-62868.7350118099
-62563.8882767083
-62288.6039823944
-62150.3566390261
-62117.6243979337
-62087.0575132487
-62057.5498090160
-62044.5287690629
-61962.5927424967
-61981.5144356262
-62040.1925979710
-63246.7951273766
-62961.9363816255
-62619.1143661936
-62303.0422785116
-62186.9624655480
-62086.0695859648
-62095.9486935295
-62061.4173935991
-62014.4361996241
-62039.0302355571
-61968.7943125546
-61972.7257630648
-63153.1087440820
-62869.1400588085
-62648.4306918563
-62410.7730748903
-62323.8199639982
-62244.3845474776
-62250.8875694313
-62240.0080371919
-62285.4195182370
-62147.2452033366
-62073.9745250135
-62021.9055055750
-62051.3427799182
-62062.8963220266
-63209.6498707428
-62971.2989173942
-62648.1694135073
-62334.7716697827
-62249.4065941850
-62188.2778742690
-62146.5684238616
-62053.8947284114
-62023.1065378949
-61998.8315269889
-61974.8701795334
-63102.6491967833
-62914.5688509699
-62658.6805484067
-62467.3334482102
-62241.9956413356
-62163.0843453385
-62110.6764932278
-62043.8209441134
-61953.6709030014
-61971.9322266873
-63176.2146014792
-62958.1990798466
-62704.4064873716
-62297.3794307256
-62122.9706494799
-62091.7080786470
-62043.8133680079
-62019.7022123408
-62061.8866063180
-61866.2814509063
-61779.0294912151
-61725.9590341131
-61661.0955129224
-61648.7543499674
-61656.0852351570
-61632.0492370084
-61653.4731602043
-61653.2423294076
-61680.6212958776
-61660.4129928030
-61671.1648217995
-61684.9260307044
-61717.4808704873
-61672.5849378326
-61659.7543768249
-61693.6568219595
-61717.6801908064
-61731.9088600604
-61736.5727391070
-61746.0048344650
-61733.4030062163
-61789.4071788668
-61764.8819034104
-61757.0919735746
-61827.0798875046
-61800.6034723182
-61758.6980439476
